13056
6976
13888
4800
3904
4800
3264
17408
14592
16704
1472
3072
4224
21120
9792
5760
6016
1408
9280
8512
15936
4928
7424
9792
10880
4480
23488
4800
6016
5568
13504
18048
9152
13440
12992
16192
3840
3008
8064
10688
12160
16192
8384
4160
3456
1792
1024
2880
15360
3328
5440
2304
12864
10752
1728
9280
6272
1216
2624
4800
2176
8512
1024
2560
12352
21696
8640
15872
9024
1024
4352
9280
4480
11200
4864
11584
14528
6400
12032
1024
19072
19968
22528
4736
1856
5888
9600
7680
5888
1728
6016
10880
15168
7104
13504
4352
1344
5376
14144
9856
40768
3584
6656
5824
11200
5632
11968
12928
11008
9664
7616
11712
3456
12160
6208
13184
9216
24832
18112
17600
9344
5888
6144
25536
11904
20992
11008
20416
19776
2112
9024
1472
8256
40064
17088
3712
1024
17152
17472
17600
12544
9664
9024
11264
12992
2048
12096
1792
5696
3840
4992
7552
17600
7936
3712
19904
3136
12800
5248
8832
4096
5440
18496
3584
1152
19200
10048
9792
1216
7488
1024
9920
8896
7616
20352
17920
9792
11264
6080
9088
11840
7744
2112
6784
10176
28736
15616
17216
2432
12864
17216
17984
4800
1024
2112
7104
16320
15296
1280
7424
12928
10432
12288
1920
3008
10048
23552
1024
5952
7744
9024
11648
4352
6336
9856
9792
