3008
10048
5184
1152
17536
13120
8832
5632
3968
10944
3136
13568
13888
5056
15232
9344
9216
9792
14528
3648
3008
21696
3008
9280
4288
11840
9792
15296
1664
8768
14464
7424
320
3008
10176
10880
5952
50048
10752
13632
6656
4096
1792
7744
9408
8128
14528
22528
18304
13184
10944
5376
3008
8128
4288
7680
6464
3008
17024
9024
26496
10304
54976
10816
9792
13952
10944
9216
2880
4544
6080
5184
11648
13248
10176
5376
13952
5184
128
12800
11264
3008
320
11712
10304
16128
7104
5824
10816
3008
33024
6656
7744
11520
16320
5440
12608
12288
12672
9728
8448
11200
17024
9728
9152
7104
9728
6016
10304
10688
2240
3008
5888
10432
8128
12736
17152
14016
8704
12736
3008
16640
6464
23296
6144
1600
3456
12672
14080
7936
4416
10304
9472
7360
4992
64
13120
28096
3392
17024
8384
7552
15424
14272
6656
9664
8640
8448
3072
9280
13632
5056
7488
11584
5568
6528
8640
6528
6272
7040
10944
13760
704
4352
5056
15744
5184
7744
1728
1280
10176
11904
5248
8896
5056
15488
10752
19392
16768
6336
4160
8512
13376
12224
12160
16000
17152
9408
5056
11712
15488
8448
10560
14080
19520
14464
7744
10432
17408
9344
14784
11072
10496
6080
9536
8256
5056
12352
6848
14912
11968
15552
18304
3776
10688
10240
9920
14336
8064
7616
8704
34688
7808
9088
5184
19840
7424
11328
5056
8192
8896
9792
1152
34880
9216
11200
