8576
1024
9728
5632
5504
6272
7488
11392
11648
8128
3584
12864
7040
3008
9280
3264
3584
5056
6592
2560
7040
3200
7040
14464
5376
7424
1472
2688
5504
4800
640
14720
4544
5632
9920
32128
1600
7424
5888
21504
8320
11968
11072
7488
1216
11904
13568
11264
9472
7360
1024
4544
9728
3008
7680
4928
14912
6528
13632
4800
12736
16704
1536
7744
7232
4992
9216
384
1024
7744
13120
14656
7296
17664
3072
1920
19520
10368
18880
11456
4864
3776
22720
15616
9536
3520
640
384
1280
11008
9472
4992
10240
13440
21952
16064
16192
13952
768
4224
1984
1280
10944
10240
17024
11200
4288
10944
6464
10624
10368
11712
4288
5120
1024
11136
1024
11776
8896
5888
4800
9024
13888
4160
3456
2176
1920
17792
2240
7808
20352
12480
8128
3392
12992
11456
8320
15424
8256
4672
11008
11392
12736
4096
11200
4544
5696
11584
4608
6976
3072
9856
34816
1024
7168
12416
10816
18112
1024
9728
4032
1728
4288
1984
11968
10496
6912
3200
16384
9728
12160
6208
4224
14400
16768
9984
3200
4800
8384
1472
9920
15488
16704
5952
8448
9088
11904
4224
7424
12352
8128
7680
8896
11072
1024
4800
13696
15616
20096
1152
17408
9856
13568
6464
3200
9792
8000
1024
11008
4160
12160
1024
23808
10560
32192
5888
1024
3648
7040
4160
13312
16256
13632
13376
1920
11392
3392
1024
4672
8000
7040
10368
4672
1536
9664
2048
5440
9024
1024
14464
5568
1536
8704
15104
16064
9088
18944
12352
35584
11200
10304
6784
6272
15424
2432
15296
20160
2752
4544
14464
6208
6720
2176
13952
14336
15488
