9856
3008
9600
7232
12736
4480
15936
10688
8832
10176
24896
5440
8256
14528
19648
6912
2816
2240
8128
13504
7296
10880
8000
7808
3008
7424
12864
3008
14720
10048
7936
19648
3008
7488
5056
4032
3776
3008
7168
15872
13440
14528
9408
14080
14848
8128
11776
9088
9536
8320
8640
8640
7360
9408
16896
15936
14272
13952
4544
18560
3008
14656
5568
27200
9920
14400
8384
14720
21248
3008
9664
5120
7808
13696
3776
128
17472
14464
11776
8512
5888
6592
10752
8128
5568
11264
7808
4672
4928
11840
18176
2240
13184
22272
12352
3968
10176
7040
20672
9984
13376
3264
9600
9024
11776
4416
8256
8064
6784
6848
3136
19328
4672
5504
10944
5376
9408
17408
15872
8384
26944
22912
3008
7360
10816
13376
13312
10624
48640
9856
8064
13952
8512
11840
8320
6848
6720
14016
12032
10624
10176
11648
10624
4992
27456
17920
13312
7360
2944
2944
832
5632
10880
13568
10560
6208
192
8512
9664
3200
7040
11008
128
11264
19008
23936
11712
8640
3584
8384
9408
5888
10432
6976
3904
4224
10688
13504
29056
8448
8128
25408
10688
16064
5248
17088
17344
6912
3584
9920
11264
3008
4288
12288
9600
23808
2560
8576
7872
5056
8768
10944
6528
7808
5312
13248
14720
12544
5888
5824
16512
8832
10496
11072
9792
11712
14592
29888
10048
3648
3008
29440
9280
13632
12672
5056
